9.67289
9.34579
9.25233
8.50468
7.85049
7.52339
7.33648
7.24302
7.24302
7.24302
7.24302
7.24302
7.28975
7.47666
7.61685
7.61685
7.38321
7.10284
6.82247
6.35519
5.98136
5.42063
4.95335
4.81316
4.62625
4.43934
4.29915
4.01878
3.78514
3.36459
3.2244
2.85054
2.80382
2.80382
2.80382
2.85054
3.03746
3.22437
3.5982
3.83184
4.06548
4.20566
4.57949
4.7664
5.14022
5.51405
5.88787
6.30843
6.72898
6.96262
7.10281
7.38317
7.57009
7.66354
7.85046
8.17755
8.41119
8.27101
7.57009
6.21497
5.70096
5.46732
5.42059
5.46732
3.13091
2.96737
2.80382
2.71036
2.6169
2.52345
2.38326
1.82253
1.49543
1.26179
0.560866
0.841235
1.07488
1.30852
1.54216
1.61225
1.68234
1.72907
1.72907
1.72907
1.72907
1.7758
1.7758
1.54216
1.07488
0.841235
0.701051
0.701051
0.747779
0.934691
1.21506
0.887963
0.887963
0.887963
0.373954
0.280498
